0 0 1 12 11
1 1 2 13 12
2 2 3 14 13
3 3 4 15 14
4 4 5 16 15
5 5 6 17 16
6 6 7 18 17
7 7 8 19 18
8 8 9 20 19
9 9 10 21 20
10 11 12 23 22
11 12 13 24 23
12 13 14 25 24
13 14 15 26 25
14 15 16 27 26
15 16 17 28 27
16 17 18 29 28
17 18 19 30 29
18 19 20 31 30
19 20 21 32 31
20 22 23 34 33
21 23 24 35 34
22 24 25 36 35
23 25 26 37 36
24 26 27 38 37
25 27 28 39 38
26 28 29 40 39
27 29 30 41 40
28 30 31 42 41
29 31 32 43 42
30 33 34 45 44
31 34 35 46 45
32 35 36 47 46
33 36 37 48 47
34 37 38 49 48
35 38 39 50 49
36 39 40 51 50
37 40 41 52 51
38 41 42 53 52
39 42 43 54 53
40 44 45 56 55
41 45 46 57 56
42 46 47 58 57
43 47 48 59 58
44 48 49 60 59
45 49 50 61 60
46 50 51 62 61
47 51 52 63 62
48 52 53 64 63
49 53 54 65 64
50 55 56 67 66
51 56 57 68 67
52 57 58 69 68
53 58 59 70 69
54 59 60 71 70
55 60 61 72 71
56 61 62 73 72
57 62 63 74 73
58 63 64 75 74
59 64 65 76 75
60 66 67 78 77
61 67 68 79 78
62 68 69 80 79
63 69 70 81 80
64 70 71 82 81
65 71 72 83 82
66 72 73 84 83
67 73 74 85 84
68 74 75 86 85
69 75 76 87 86
70 77 78 89 88
71 78 79 90 89
72 79 80 91 90
73 80 81 92 91
74 81 82 93 92
75 82 83 94 93
76 83 84 95 94
77 84 85 96 95
78 85 86 97 96
79 86 87 98 97
80 88 89 100 99
81 89 90 101 100
82 90 91 102 101
83 91 92 103 102
84 92 93 104 103
85 93 94 105 104
86 94 95 106 105
87 95 96 107 106
88 96 97 108 107
89 97 98 109 108
90 99 100 111 110
91 100 101 112 111
92 101 102 113 112
93 102 103 114 113
94 103 104 115 114
95 104 105 116 115
96 105 106 117 116
97 106 107 118 117
98 107 108 119 118
99 108 109 120 119
100 110 111 122 121
101 111 112 123 122
102 112 113 124 123
103 113 114 125 124
104 114 115 126 125
105 115 116 127 126
106 116 117 128 127
107 117 118 129 128
108 118 119 130 129
109 119 120 131 130
110 121 122 133 132
111 122 123 134 133
112 123 124 135 134
113 124 125 136 135
114 125 126 137 136
115 126 127 138 137
116 127 128 139 138
117 128 129 140 139
118 129 130 141 140
119 130 131 142 141
120 132 133 144 143
121 133 134 145 144
122 134 135 146 145
123 135 136 147 146
124 136 137 148 147
125 137 138 149 148
126 138 139 150 149
127 139 140 151 150
128 140 141 152 151
129 141 142 153 152
130 143 144 155 154
131 144 145 156 155
132 145 146 157 156
133 146 147 158 157
134 147 148 159 158
135 148 149 160 159
136 149 150 161 160
137 150 151 162 161
138 151 152 163 162
139 152 153 164 163
140 154 155 166 165
141 155 156 167 166
142 156 157 168 167
143 157 158 169 168
144 158 159 170 169
145 159 160 171 170
146 160 161 172 171
147 161 162 173 172
148 162 163 174 173
149 163 164 175 174
150 165 166 177 176
151 166 167 178 177
152 167 168 179 178
153 168 169 180 179
154 169 170 181 180
155 170 171 182 181
156 171 172 183 182
157 172 173 184 183
158 173 174 185 184
159 174 175 186 185
160 176 177 188 187
161 177 178 189 188
162 178 179 190 189
163 179 180 191 190
164 180 181 192 191
165 181 182 193 192
166 182 183 194 193
167 183 184 195 194
168 184 185 196 195
169 185 186 197 196
170 187 188 199 198
171 188 189 200 199
172 189 190 201 200
173 190 191 202 201
174 191 192 203 202
175 192 193 204 203
176 193 194 205 204
177 194 195 206 205
178 195 196 207 206
179 196 197 208 207
180 198 199 210 209
181 199 200 211 210
182 200 201 212 211
183 201 202 213 212
184 202 203 214 213
185 203 204 215 214
186 204 205 216 215
187 205 206 217 216
188 206 207 218 217
189 207 208 219 218
190 209 210 221 220
191 210 211 222 221
192 211 212 223 222
193 212 213 224 223
194 213 214 225 224
195 214 215 226 225
196 215 216 227 226
197 216 217 228 227
198 217 218 229 228
199 218 219 230 229