0 0.0 0.0
1 0.3 0.0
2 0.6 0.0
3 0.8999999999999999 0.0
4 1.2 0.0
5 1.5 0.0
6 1.7999999999999998 0.0
7 2.1 0.0
8 2.4 0.0
9 2.6999999999999997 0.0
10 3.0 0.0
11 0.0 0.25
12 0.3 0.25
13 0.6 0.25
14 0.8999999999999999 0.25
15 1.2 0.25
16 1.5 0.25
17 1.7999999999999998 0.25
18 2.1 0.25
19 2.4 0.25
20 2.6999999999999997 0.25
21 3.0 0.25
22 0.0 0.5
23 0.3 0.5
24 0.6 0.5
25 0.8999999999999999 0.5
26 1.2 0.5
27 1.5 0.5
28 1.7999999999999998 0.5
29 2.1 0.5
30 2.4 0.5
31 2.6999999999999997 0.5
32 3.0 0.5
33 0.0 0.75
34 0.3 0.75
35 0.6 0.75
36 0.8999999999999999 0.75
37 1.2 0.75
38 1.5 0.75
39 1.7999999999999998 0.75
40 2.1 0.75
41 2.4 0.75
42 2.6999999999999997 0.75
43 3.0 0.75
44 0.0 1.0
45 0.3 1.0
46 0.6 1.0
47 0.8999999999999999 1.0
48 1.2 1.0
49 1.5 1.0
50 1.7999999999999998 1.0
51 2.1 1.0
52 2.4 1.0
53 2.6999999999999997 1.0
54 3.0 1.0
55 0.0 1.25
56 0.3 1.25
57 0.6 1.25
58 0.8999999999999999 1.25
59 1.2 1.25
60 1.5 1.25
61 1.7999999999999998 1.25
62 2.1 1.25
63 2.4 1.25
64 2.6999999999999997 1.25
65 3.0 1.25
66 0.0 1.5
67 0.3 1.5
68 0.6 1.5
69 0.8999999999999999 1.5
70 1.2 1.5
71 1.5 1.5
72 1.7999999999999998 1.5
73 2.1 1.5
74 2.4 1.5
75 2.6999999999999997 1.5
76 3.0 1.5
77 0.0 1.75
78 0.3 1.75
79 0.6 1.75
80 0.8999999999999999 1.75
81 1.2 1.75
82 1.5 1.75
83 1.7999999999999998 1.75
84 2.1 1.75
85 2.4 1.75
86 2.6999999999999997 1.75
87 3.0 1.75
88 0.0 2.0
89 0.3 2.0
90 0.6 2.0
91 0.8999999999999999 2.0
92 1.2 2.0
93 1.5 2.0
94 1.7999999999999998 2.0
95 2.1 2.0
96 2.4 2.0
97 2.6999999999999997 2.0
98 3.0 2.0
99 0.0 2.25
100 0.3 2.25
101 0.6 2.25
102 0.8999999999999999 2.25
103 1.2 2.25
104 1.5 2.25
105 1.7999999999999998 2.25
106 2.1 2.25
107 2.4 2.25
108 2.6999999999999997 2.25
109 3.0 2.25
110 0.0 2.5
111 0.3 2.5
112 0.6 2.5
113 0.8999999999999999 2.5
114 1.2 2.5
115 1.5 2.5
116 1.7999999999999998 2.5
117 2.1 2.5
118 2.4 2.5
119 2.6999999999999997 2.5
120 3.0 2.5
121 0.0 2.75
122 0.3 2.75
123 0.6 2.75
124 0.8999999999999999 2.75
125 1.2 2.75
126 1.5 2.75
127 1.7999999999999998 2.75
128 2.1 2.75
129 2.4 2.75
130 2.6999999999999997 2.75
131 3.0 2.75
132 0.0 3.0
133 0.3 3.0
134 0.6 3.0
135 0.8999999999999999 3.0
136 1.2 3.0
137 1.5 3.0
138 1.7999999999999998 3.0
139 2.1 3.0
140 2.4 3.0
141 2.6999999999999997 3.0
142 3.0 3.0
143 0.0 3.25
144 0.3 3.25
145 0.6 3.25
146 0.8999999999999999 3.25
147 1.2 3.25
148 1.5 3.25
149 1.7999999999999998 3.25
150 2.1 3.25
151 2.4 3.25
152 2.6999999999999997 3.25
153 3.0 3.25
154 0.0 3.5
155 0.3 3.5
156 0.6 3.5
157 0.8999999999999999 3.5
158 1.2 3.5
159 1.5 3.5
160 1.7999999999999998 3.5
161 2.1 3.5
162 2.4 3.5
163 2.6999999999999997 3.5
164 3.0 3.5
165 0.0 3.75
166 0.3 3.75
167 0.6 3.75
168 0.8999999999999999 3.75
169 1.2 3.75
170 1.5 3.75
171 1.7999999999999998 3.75
172 2.1 3.75
173 2.4 3.75
174 2.6999999999999997 3.75
175 3.0 3.75
176 0.0 4.0
177 0.3 4.0
178 0.6 4.0
179 0.8999999999999999 4.0
180 1.2 4.0
181 1.5 4.0
182 1.7999999999999998 4.0
183 2.1 4.0
184 2.4 4.0
185 2.6999999999999997 4.0
186 3.0 4.0
187 0.0 4.25
188 0.3 4.25
189 0.6 4.25
190 0.8999999999999999 4.25
191 1.2 4.25
192 1.5 4.25
193 1.7999999999999998 4.25
194 2.1 4.25
195 2.4 4.25
196 2.6999999999999997 4.25
197 3.0 4.25
198 0.0 4.5
199 0.3 4.5
200 0.6 4.5
201 0.8999999999999999 4.5
202 1.2 4.5
203 1.5 4.5
204 1.7999999999999998 4.5
205 2.1 4.5
206 2.4 4.5
207 2.6999999999999997 4.5
208 3.0 4.5
209 0.0 4.75
210 0.3 4.75
211 0.6 4.75
212 0.8999999999999999 4.75
213 1.2 4.75
214 1.5 4.75
215 1.7999999999999998 4.75
216 2.1 4.75
217 2.4 4.75
218 2.6999999999999997 4.75
219 3.0 4.75
220 0.0 5.0
221 0.3 5.0
222 0.6 5.0
223 0.8999999999999999 5.0
224 1.2 5.0
225 1.5 5.0
226 1.7999999999999998 5.0
227 2.1 5.0
228 2.4 5.0
229 2.6999999999999997 5.0
230 3.0 5.0